8 4
0
1                0.1327
1.5              0.10363
2                0.07846
2.5              0.05711
3                0.04014
3.5              0.0273
4                0.01794
4.5              0.01096
5                0.00611632
5.5              0.00306071
6                0.00146932
6.5              0.000641398
7                0.000278334
---
8 4
1
1                0.10137
1.5              0.07556
2                0.05428
2.5              0.03771
3                0.02441
3.5              0.01526
4                0.0088713
4.5              0.00474651
5                0.00235172
5.5              0.00103355
6                0.000462274
6.5              0.000168023
7                5.41744e-05
---
8 4
2
1                0.10137
1.5              0.07556
2                0.05428
2.5              0.03771
3                0.02441
3.5              0.01526
4                0.0088713
4.5              0.00474651
5                0.00235172
5.5              0.00103355
6                0.000462274
6.5              0.000168023
7                5.41744e-05
---
32 16
0
1                0.35324
1.5              0.27323
2                0.20365
2.5              0.14314
3                0.09558
3.5              0.06042
4                0.03524
4.5              0.01942
5                0.00959233
---
32 16
1
1                0.16795
1.5              0.10642
2                0.06246
2.5              0.03376
3                0.01581
3.5              0.00632075
4                0.00219067
4.5              0.00070813
5                0.000177152
---
32 16
2
1                0.15763
1.5              0.09796
2                0.05639
2.5              0.02966
3                0.01354
3.5              0.00535911
4                0.00175053
4.5              0.000550368
5                0.000130724
---